75985979355883
19623567791331
77557372047022
70390923215073
4602335335123
63656412146
76216047706055
87673647921064
36631222580311
62594357509290
71088954835413
39547244087191
56973765852707
30538595113859
21876474570796
93682920457110
23135190732275
14573990049306
91716253743992
34696160656664
30238322583751
24742780303408
78113936380097
31932324709185
3352454351216
33600041750083
36129479522740
29776677629579
10135877997562
24927788658600
47386331854063
30161190720980
8570247005312
40727365967200
1496664802484
6631434804024
95458282607525
10570873543040
72962663892142
89497405123508
37758491325212
40299860295801
74068056460701
96070541214806
52919649765379
44355076088792
89886653712062
62346055582835
81937340031524
47377230977764
98450800160003
27517361254477
95746611485957
37219905554102
73988193201441
77627687660753
32486582504017
3076253673325
35561355264148
17563934961850
3091671615638
12003726557193
76584800598631
54886102184960
32444783332991
87175555239185
25350923986337
24431363956461
34564716908127
83039697561860
38917737881622
58909914995111
24020282580001
29673889753440
75590647354921
88108641114398
36572654331505
64951599879730
51067375583977
4466165158824
63602079491524
8107441293715
72793318907080
49044225538863
68816864609051
82115070898662
99263838609660
64516189415038
61202780096038
98982398921392
30779619742584
53056689610728
57840235093846
88042639682533
41964394073266
78680851611320
77080993045308
54857062946769
79970581589756
42899942351637
70626847376557
21552816395318
35169769108018
52376494667768
2025722222728
46334795517670
54068973108734
12283379806438
34067298555371
18333831192198
32268890165628
7208460902802
25560496878604
29694852303525
36782043892233
69470478483215
15017080099950
32409096728427
41481354268270
66448510893850
20833133283496
96341323608003
49295071656797
79621249040799
56186366881094
5127838969283
55025907013171
76128610636682
39988852883515
99647502992846
15220038187916
76995759834742
71284824730678
58046888998635
59662905377127
48226036379005
55054826356771
62982974162541
55003814098876
17124782840292
58752688756749
94215085104714
72327042058178
22914474183619
75960561787434
28212815707064
96200111209004
39570467386216
58977004447670
67966005363040
53437580371844
90540278780223
37446372995471
73440325753604
13174944039513
32252069017665
83190743048888
38936020337498
33255168652428
78399335817502
72534983725183
37595730730114
12283530952398
82307016493417
35190409143025
27920505400677
35549894181405
27918580699566
1471673631549
26118344054547
65860775122104
41633436743289
97319146683439
64121238872229
51396022654914
40030031468706
50187482171627
6521731690793
3667497056544
66335243445693
33139463822406
82977229402154
94660222515411
54402530491276
72263247447029
60564756120043
18505398220170
14573738776365
12965133730419
10739700801833
99691866017884
69720119579542
61779011682100
99865337020063
68675919598658
45264491429645
24056480791211
22347662040831
47699850701553
2112468540306
48186800264769
31269835314757
54781241046237
8269780375070
76611774795737
34588863486421
41686342329786
29196826998328
10122127295758
65419084713765
70235408222337
14332957870083
21721918382885
28236642501729
66913593658666
64823023280091
6331873889238
38452992540257
31338507218224
91819680555137
13051932925573
84110141237041
77697385191279
19853404679697
51797446280600
58342970182458
70574582625626
39922253732813
89841274424831
57908310635392
95589893557217
65320738641423
39721418126536
4884374160014
81686120402920
32799232222425
25161891782660
32612695979332
96733577861027
89094484500129
96212909734484
77202746415503
9534247091040
53307774179663
56719233847502
31850215991428
56511375663732
64932101673781
46624398119429
51510203164931
5083070161471
85624031181457
67585428002469
96262261191778
22429608042774
14690054620870
42453581002649
67398454265507
66300819522281
31675954458782
33312762071218
15000781590261
43975597405756
68090731535721
64214394633197
63673097508961
71658833053015
65768399240521
35971193608229
3921250273441
59381934517670
93525819172304
5854546436005
71276479930473
11341202592092
33397857183251
70177640054461
62438900676534
92252722781031
26386185280395
22795865829026
43767368967920
63110974009837
7606741694383
73960124811961
48771464315344
25708967644549
39910677305095
76611731735705
64479521822687
35513778123284
1677823170254
38490393415771
81972035015308
7977202573457
12516180326786
75783990572853
72014071910494
7773118388314
52566609306275
39573533949644
24685759077969
14667977193136
34257761256776
13693673846707
77434704460331
67954880814877
78653062226826
92508427266715
28264203561834
24796089206063
78128106279827
91508072746400
8439650463818
85863466308319
29960688944579
76306523495874
87426735427040
39844197991584
80562476231819
11177330216164
41068506214430
3884168510493
83677232836860
83799086439562
25168974487411
5222960506033
3394725721263
87277104347416
36862191684203
36898915934313
33600658285074
22971713110004
47662118369433
42220300413036
42415496259787
25950732287490
94165086005425
29819254111364
38820770502085
95800086407392
9437327890522
23751794255243
40208242173997
61435659808009
94028331766220
74605169540010
66622858048566
52732295952879
29953282156807
48296838487432
34186810875337
59236810236594
38490388206703
35764882025997
9682667826722
28995877319599
29502973587991
73510369826133
46040564758696
86520718035776
76827077754081
31981156792263
13452160721364
84377694130904
35008725455501
16419652956548
46444044615651
85436262927908
51667203533241
55545874616823
32340730311792
87121871815914
31724094359228
20818775973289
62047589948686
17530612409575
30252489325081
9822081035662
69331172325548
759051168129
2689977839928
86474276677743
12792142844907
35240347694815
78679645829755
40712294154152
95097467533289
81682129260207
55521057437955
3003193596028
33858218685149
33351013673499
4525482626668
41782617235745
44295200945694
23510983601410
35495631223825
79974853352612
97129139101867
13274171796088
85181792849434
98744824240492
32611203476678
482486059383
16481086385569
33910874602089
85044009667711
98811540464545
67828349255854
89222724681302
7078155810798
35985594156316
82770668005967
41234813145038
92100151842241
2913614817510
9183384770946
26755878664147
66541858399472
24107786281376
29395356384238
37249561691605
31043085664830
50289279123455
7295609069410
75206287166852
96106904061706
53074151315412
5087323843022
20696289013162
63794093688227
50015153803314
91430161566565
53199779065029
59498508143300
93167693538030
2815805319972
21102343605678
32461739439744
54854494093948
52096226421737
84467206814182
97629373575962
89580770877673
65686999022774
76693548617344
58307178631151
23757551975651
91330873854650
46610391198463
64495317840693
56464512973388
6764705638336
23758143874195
90969160862017
92321026026505
26124546614027
29645942767923
77435406245077
11855272859370
22063390886513
4484549997679
66058572436434
65094815241951
39029289119271
96281996593438
28181144947404
12721124733011
80913303226032
83705780731099
37886730344913
47404991159241
87695636114023
82542362201379
2227657133352
36806944006408
45078032971982
16879152835718
96126954647930
54882475163163
58923006482892
58189450311029
2666392524072
40429983752757
80880619924885
72827138685605
4039844696403
63945362386947
16333635592446
91791934033039
104905074639
59757902426070
73195424022466
57611381805165
24306365484209
55079739537155
636285324948
36106099347258
79108670610368
51746726173070
13644505006183
60103071268690
37175081239386
64147580938539
53442619221170
64968153359451
91603687280814
24854157794438
18156084673757
56649970587628
4788038147227
77131937193691
19001386866330
55785950848564
32320840298755
53603959181157
45433356194792
53471423374672
97123456359842
5820196585364
72635123169840
93662032899924
39112754080303
97903491657369
35780283074627
35738756608563
2114018345248
47343482078439
83922781759398
89179873728605
98787495210315
85337831725595
55058390737798
82862581974581
21282443111929
44224986231942
52608353188663
94080120744077
22564717404157
14114002411236
89409422610185
85551653278498
60098726359981
67987767767794
88769756469805
54279425692787
4722045060483
71683858543035
72373419844650
38319814557454
1873068514980
77102613402566
14711933316400
86789161614897
38245783392293
71269854651283
98426995126379
76704824540273
785737450917
34415630717332
47315887981229
3405602983026
42603201335799
24142690212064
55859226109165
19324212910771
32288640385468
18666524060865
58450025455536
2707478035292
48171945457515
80383852686935
81812189762142
32715028481939
30017307512807
12828050517950
48662905654214
64375354791919
78178677217158
73470369097070
36907450250570
44112360487116
25530168981993
4617008622633
75119364821226
71512776980930
36091419260536
64519526832120
78744798233981
65967548196262
47336483885520
37790746608874
87203057319459
98710398866462
91095581961468
11577929396315
93637640837706
75804037377331
18415287944015
90548327171012
62723063672992
73575429246918
38171254763060
73825672571251
70565500911991
41499680556082
13306955833470
64744821121574
49353545819340
90556625874084
60210655238442
30286998082868
65924000592531
19474416534417
64136171622529
52825897326393
85599516361871
70443831330337
59405826685395
61804861652233
77960959377862
13235701008801
56811862278336
1230465572671
43071351386610
53278153991241
33415527948935
14477588163603
55271747428488
16302705379607
20823339298986
51090147907062
7919096813080
50476628470949
67964074858268
80081449936984
96430225088215
94483178683375
41940338479271
5641763386280
95446316985686
41475324581281
54757836316042
30445549908627
23174499722221
43071059093074
18909471954539
28297274569741
22925331926048
10588587525226
33312470449472
3098677633848
83201616781351
15161427142636
42563960145872
1901481035413
30056358871999
15009804164686
82484930230767
81457759702570
24787337829748
1326530362498
13452272516743
55343196604942
57036056349785
499667839172
6812572485043
72056148933777
86398555331678
18872504114722
37462251792006
59534065721650
16008365866994
40603171600025
26411054580951
52284418351198
63447075668525
48959589058343
48793942319866
12404647644984
3717639008662
79283349287735
4385213832673
98892971941163
16000652708899
26575144397905
78015221524683
78794897413557
92561465556880
83610444369720
58237493400373
20783636468453
87121684953337
12049297610946
48228349880442
60274903875924
80626641413707
73654918405152
33285477521160
45556628711509
7566892569977
6662529510123
38507171407316
72266205716052
48189894765263
14793612184982
96286415879500
15142741618756
36239790113870
98847769352350
13811383154748
66117504289922
88355754278780
43538278423091
21097230526258
6217761409415
97839220892004
87734543150301
38882642276825
39825162081309
21633537789426
69841335343343
9271026448191
5439125138172
8138670010900
82690838553003
58841395209812
40702178180008
13684517637737
22195500832497
18113475104347
88685617008832
67029911823525
35494470971846
30840344613762
14760403984571
24292994462131
27893366920557
77065756954735
49138564951643
58246141270156
74461386997270
18101413104328
38945068790585
17319587911254
14780928843557
39273000217831
13155623719402
93000892072729
70452130065880
84917970923543
35675643238800
6398213919437
61624193539932
58822543027365
34824928485098
83985720460713
28421243611652
30334641244230
9660271291376
28090698162420
49640801355895
82084509263747
53843621912625
17913267064293
21742781165964
83004973047612
46413898873693
98077056275442
60915197244669
24473420653856
83452088909317
38003201247258
71635211994530
70732360835453
14685281257824
15217832317646
18975015380961
41048338333622
93184430242840
12137614420081
17209848296189
64232700558030
97121639926504
84089216782495
72285772995661
26976856431186
16159150474401
43422692427642
88976986909784
69239603141046
7646097361406
66576839325412
88099764128132
32984880849720
70002544221196
5035338145170
41883414133157
30662107297876
21429767865423
33912814892238
13085667998339
98081877624757
4503899615035
55492473371904
1707952770638
76137483814555
30435681016702
59679343839216
53317975621806
31124418074604
53915416344856
54380919111179
51000304339610
28890487672281
96506469162162
11010069402588
57226476240258
12365040364844
59085784790873
96641614743510
75452483539523
81234659475449
42702382982933
31853275522687
67812748670125
46140707156470
34310272596891
53485028940107
91525130330880
80963130882076
96070315518292
20438147543446
94773254304961
47109214308604
31004983550626
35608059232584
86984621358109
10634408761158
34082524379134
82793051792296
82109928687654
48044222169139
61787392772151
26815513820406
89486823617077
47491320739492
563691555035
54369666660177
36991973675161
74284107240673
28148037915990
33012185261824
46260340210727
30131738708617
94699853406512
15341024941634
64122203679220
57835195060374
10587365364617
99962838855177
61070766242883
93537293744562
38865765165994
86737392630404
58422923811496
35696594720876
11171026712824
21449957424578
47528847661717
70062076813876
72302751378986
59197027697762
43859582776006
83813532466285
51586404906604
87313280033560
71799469939534
85534892527208
16504771657769
28956717991710
10901510064458
71857979677224
84899531631875
99376919516796
12772620414524
81026550630712
39263722112400
86573720252633
30659950425911
57205191963554
42389949009040
72706825893452
77314894855529
30268690332515
67752174781392
47902038415113
55326894483955
99711544783184
50241724406147
25128505140711
18425551337475
9530808562186
83411168457546
44131206036231
11256082039366
25287248917748
44922527135822
45379200311457
52583342721258
93895950732304
65801489046621
78433657727266
63894577143212
5930261469640
22677567055213
76830054198708
97929889799066
59906389721649
11516936559271
74717787711812
42939639971679
85579703752571
91454853913938
86093045890011
27268994823434
89613203933637
7277851868597
82646307160668
54984505180267
82761528989818
21743623195448
32307736073109
58573167817113
50067676257709
89612095195819
19919180247441
33081563765169
74185466768228
57705549476911
30956664736369
18415754454394
89163383511797
24355739386412
99586737306583
23592462389205
84090382393326
96070654112706
82786136617302
25809809955702
56275304322410
52077935388174
30308592224451
15558342616163
89587783527097
21791955880059
41532474701823
21707399012404
84215066691859
45080636704739
38130447565082
28131272054296
56445846057846
29199910037411
12215770516503
1623394027357
80480024857841
90514996958709
37343149275585
54357613428714
97275007294100
74044846611831
43743445064004
89605804316514
59873868706137
63801758876106
65186617053258
11149303239211
63177870855725
59895305998540
42767627185854
32601110877292
22190816383212
69093361628012
23962118150434
13329593019068
97272338778258
24785534092455
26989986136364
40382118785352
5030709668642
55898069993292
52741148177783
27928905679603
24424894268
40819037705393
9203655746100
2009888670250
16881772158210
