67841060379760
33476915121024
38833959717104
15674187892017
33185071339429
69474234879256
47219382451614
40127809701700
94331580320543
40791723242620
70444970224426
72296651491317
27069096967780
35121029549188
59808789604692
95100183275539
74978502294434
47143030358051
12114280246558
91430630743546
73309789939868
12318802124685
4174621852257
38540779296087
96183474254689
25050516673445
3575427732716
74768162700097
67359731189449
15575904559908
86362022578821
45120778869935
63116382262450
3272280483163
51348293050023
89916997777220
72113706262528
97192637307271
74939863867825
466935686813
41829977872270
51435419217782
72299405335366
94271286799944
69112076689083
29194243649383
51371835982281
11129286117203
70774614265029
42832387115564
43667737686632
14672996446568
60912832784102
60526134872731
30835925107241
61619254477439
24045823907310
81709383814190
443532319953
65892049833261
34441364407094
94838928104349
30543550006734
68296951896230
19955804579522
24440127724982
46704676282319
25453232803295
39621604251209
60732499793294
91581397333324
91459421307960
44266882951444
11657184499766
32377775536908
8724009958910
80037536325240
79758238121968
85617175403289
87610971217388
16788914576863
18334373481275
23851595404449
66506896320930
53948068113447
55977483229667
82401485019020
35204826053448
93001270909383
22846489513702
62299629643120
54446754827398
50140953731378
73182832085710
88896323326532
61266254128822
10691064195888
23413703183312
8322084985796
80309807977577
84805737544542
120583596300
57327874065752
46826728156817
75312919882694
16863730616530
75798852756531
31219508566366
44544040925941
44359037202499
69331045126689
7710482632590
61693368817085
83909173171141
98741464089965
65797618657795
6834214638321
24999907073160
61500443684132
84073371094085
26009479260840
59171929330730
67948696765940
21786054650547
61459628933424
45424839323077
71745009883907
91499999610938
78873305031685
32221411113636
53943551430501
5384445273235
69869919805390
33928670388824
95884585135529
61435508301113
27240697487650
19091047677175
337650332332
92473099001855
182728664037
83604718989263
95826037251091
35599677001569
5090494619722
69559729742964
13869039959546
79260459658775
23582746408561
28594202636208
18676337284653
68870823825567
50119618248621
73296967684836
57985294215505
12406197690083
12014884830774
18717872125720
59556764070615
38550726175880
41168090220160
38559321430964
96017233465683
91256256504605
93142831422743
15634351767320
3372874454375
91802739838260
72358936576968
95775965000838
36171106005321
13582807432835
65965889518549
81536368619572
38546749316185
24037753818675
23534897118205
51253126016446
57861108097495
11225069260073
88153257474732
91207001144940
25348540226849
21179448198988
62078592704591
51747517586313
69385095221490
95362240605936
44604673648876
33585285627234
91349166273995
58568742980843
81683493262684
9660372810720
36784587766398
61319734701651
8850808124987
57167978446035
24304105557978
39212228439712
66023364483833
91381680924571
94926549913419
50497909179509
83987415325377
74735577763719
97565384808565
54200819992924
11260459699522
54083071064761
42938863279333
72795441588328
86610599185546
67584980118616
51117397025607
59563629666331
76405201622440
24336362366284
6516457317749
58862529169094
34881199930586
7161158471743
2493896768519
51180207629035
67507288752318
12151744285272
30110489300227
91245587440051
89320396104783
65994588676488
7967479755592
47702388625578
53442916699070
56059622205048
85032674850558
26787966052695
75226962023456
93228875667880
55829371991023
52363325692867
25622130329509
44097351581955
54307957119825
4475965349803
73156756353310
66638382747114
96454596667484
17396731794334
81384851948639
23397641410576
83487110734076
21569892235184
61469776682816
24272624591686
67594047640637
93578696210637
688809334626
2665220837517
23139578321000
12352376009743
87676981774888
17094945966373
89843466140458
32619672449136
44875019406623
23957464434560
80422555558037
76695601101875
3855879029307
30103374546807
4582517043622
50098625986226
13600383030948
50490512036873
93124404313459
10143873952793
87652559267039
2581432244891
43105290891753
10747694639329
22594028290535
54057925127004
33852985061269
55376240123850
47566780320484
9862680071601
45522835893539
6997565820883
65692243046429
99340881908274
31166697788239
2291844610637
16057315005798
92079440522379
40340861015613
54824034718576
27729917136337
297070681480
35272365531201
95461158250127
85789133091591
17770640771037
34725407021876
14116382375312
11165893187005
59192349402000
77928396140348
34696470548
81998082229272
45439014159871
42094656833090
7769415582365
79176026322253
47269713812661
97686070817737
22849144591860
60461480809547
40759049379370
66631405005639
18692735204489
28623618280547
80618765872735
88263444840624
47010090877287
66806584385246
42762240574606
57161609788552
35419877854558
39484036382587
72703439207824
15900387294631
86746586251122
12346930796544
3636234501525
31668140810935
50557833015432
68298340599658
10042170816197
96225780891943
33314635849991
30585249048818
77034948827853
56150546797746
96728436769927
82909613553494
47972425086652
57563977034388
34349521902280
45740351008126
21780044326848
51712049696191
14861187639081
53115138545479
72817554243179
9954819367055
25032642022475
23730292042428
67590996009388
9046116882070
74961341893673
50302042646101
53904183007954
59572454228231
29292682422873
33256920066305
87314049321002
10303104934905
15974285561705
67865048844362
28389550310138
83620220824451
960414008553
89356491888084
73735330851987
33212278036397
74590443214935
28745647978804
96248221049379
74093759122029
9309160005264
54510804468847
26019033203873
43783949900898
2444324871685
45544964641035
22094337021489
4787658436395
65106987341733
88975091549415
87276359604197
43379448170043
57768440391803
28348393887354
35588114210730
37943390206798
16388949314788
80008776073568
30917566568668
83545544411518
50702332095189
70994134935533
10195147641873
60737526312095
37589271735972
20884305755531
63645477293927
6972004111980
62914611131680
28007003590351
73610788050304
7129774411781
21321227701598
64893435858707
68563561683402
91030095759430
95000331628369
44781661720365
2376576601512
70774236408387
61410965830582
4202484021001
41149832927043
77995661304986
31441319532380
13346976148559
59744207014513
11872884287824
81824911366425
66494984388281
80987698454151
90716866420499
87604180435745
30532387450359
50180953607317
44687820544881
53033121014679
62167352159712
14366478867057
35544124740079
70914855144924
64122935964496
88523080299214
68765460620829
5992128619455
37535044980759
64957264967373
44589352901154
13240899711103
12318728176347
85453832089920
30698552831700
37268880547475
18842784930282
76342892618672
38821713248398
82977859745865
53466788485605
96297977397167
32817477767657
58995974747070
41157470755712
99945099273588
71908304035055
65422572699739
93936344975141
95716017276260
39436532884266
91183420523196
15057804222634
40668699664351
23041837092586
62227152969545
70612064793146
62525114088126
69245009736298
56947811688486
80878310087240
14577551217370
70163010618495
20782272410218
67165054538341
49991596505141
57999813129884
25954731350812
32701434123951
19988922444310
74695007948344
20845335054942
32107570594262
14265399276424
33988536625065
13821622329630
62296625137170
22927932658407
76102681755600
51893384009569
22545978770262
84076339384176
52066989273377
22724078861412
34870173504322
88767809517899
79868222637755
31281372419761
57618728893111
14376962902843
50679395051367
91958616085800
82554140768701
35302913440
32898553321224
73212852922598
21982582075560
64246322985833
42938597470446
99515902717413
5056860930671
78675188337208
49842732388727
5935860179448
15406080523271
21528600971373
83352126982589
69471567630402
45364020809927
11435158596041
68861857777040
38311955482160
74876481052292
35788213980680
86841997868361
97561320956012
38623238759179
50216904953948
10028207990050
80495968797117
33249441837591
78571462275902
78508754121097
2551145834784
93569075427451
48539467418663
44435627489818
97594225232564
98445385635503
69316767892686
13848212779277
78299987387981
21430622073838
10219091359639
30096741942681
78128463135504
8085528035795
79443924553532
51386982103222
70333955561911
20059876534841
74675635534430
82674551770080
97132857886952
87661218657052
80165291761595
25302026577674
3782286913066
22997834209896
44010476709111
94145883008699
71110253202909
52829324454981
8511178886260
59270058096780
9242906580587
67951615049997
75792317951232
59204330366716
60840446975765
60549106782954
38219919473466
8964663563790
61893554538975
95953790441031
83047463362618
70254827241934
95002428592512
3227552969985
46070152420293
74177764443272
49276746679406
16647184160699
61285757533537
99011135894568
57591095182832
5412009770377
25573596685645
63280691822934
13138038012649
15630213002064
61297210131169
47872109782801
92090489442031
75619532737556
91773100085026
11119449199266
43573563912455
43402071255343
89646999759265
92366639191755
43070461352027
23704613309470
42702937398581
66222663579509
91371962630579
30497030458608
62219969379097
53573903016543
92809961321689
46817939933784
6797152869985
51400247524882
78541096067852
63719220989042
64156461957866
65557169763355
69936046301686
13709806774812
95980774014759
29272403061561
52497702455525
71321553166348
8625009458452
7155389518388
79629609872621
37660702883434
70177002063541
17630494234909
79386077946499
33412166436260
60863559996427
85575194328771
76457230680309
97261926577521
75295900395228
2433228994426
22058011405277
68985512756124
84213060542220
80034278708890
78773168725972
95013739205815
89470711271975
65034086560464
31308533688153
83358960583353
72511516420175
47947263937597
63571338027829
9541892455956
2876231370363
34700052109480
53804029739319
58663055980664
83872614180023
45325884693096
20841139497568
72577783331134
46832916388429
62140256244899
78009540641723
94698184676892
83865949921652
71381672481017
37027381174718
85720703846960
24142664025396
80550418108633
11043776877604
4889283965798
11601467229075
27102560133254
90864585834685
37983352197022
53659406656299
655489837844
15910255958672
24284462564448
71928112809458
25514230684950
52775836775515
34215948251190
3334109735310
41024469499753
56100150676467
56349218502443
32967796669790
27889560822793
83881224850903
40846350318182
66441085903089
72131620883357
99395027502150
60418994421947
63245076382026
46817149634333
92088393541060
52634054250535
73712189132506
29143871921975
89020176138202
82710822623065
67008878439223
4713405617886
42980772141507
6415224198727
24465317168588
99635489014211
25690146757187
83422222875006
24228035355641
89374687860373
43183938227724
65948123668163
75612319846080
46771330906174
23981580285987
80360951757810
62567537755404
22311493451914
42325769283141
21672765570092
97183970144856
67045230205650
96877198749415
79527558967486
6479758855286
53828712978025
80410501106639
50979093062039
94454365585014
51657364962426
77585000927488
83685847568084
53831962136489
16554698213172
74151361135784
94128043311762
72358696655217
77448793131678
41633080112821
64169356331443
76290124308820
51925657070626
86708381098893
67525979328060
85169830923906
59460982339575
29900465253609
7160383943803
48284405088561
74188888693253
48780087609928
92686375590314
1175407971288
77538636635003
31700700397397
21629609829097
49902727918524
96850028005894
92784240347101
35311227622339
43714099883948
8824672906563
81450685589800
73483756392757
51552604904710
63102070713966
30638469506872
84647630626057
26201830699903
31983994581314
19785511600632
23436301296243
39013062038913
24199988131713
21943061686909
13269294877964
81074620356679
22570527721580
18766685976994
93793555161779
4746834039132
82102889441549
4137350386394
58535485583321
96096408099326
40527225413711
48934189028324
92652288633120
85384992712390
95863337704209
10264941181663
56377053480072
68947173011601
57722965128212
91177409907496
61221711698919
26440041495073
26675235798852
39194839504432
63757271628979
13636617307850
47898074480685
37635073617285
65306030753019
62147259635683
46480010715811
98569551738300
36455027766521
70689445163490
80970907028573
17392509476702
24736417535052
99909703286483
69468564755882
41139644769517
7579544523799
64576329249361
26071026119818
4379661374074
2685698566313
98991289965661
82175808443339
74173630973080
83316552704589
92194173331236
10747614510235
18731838111350
99023041777905
5487916046229
72451539173935
53293722896920
37850783860815
41705797374244
35807680532505
34086875180646
75950858079244
81769735211851
86033894367043
17676111707554
63777815490282
96511240576917
86802902312240
52603494913096
53418180613697
37069242989112
25415356972814
717572754460
58651712523027
24482528275861
26051418569578
90226312123622
73988678728878
96201409779396
34768227023167
31835265561027
77284724612309
86934410194583
27017473115043
33712197837181
67474997879971
59335741051452
89465717165561
66185520589081
76062076204319
40407935924682
97729292287554
34246962779738
41288842366762
93815984139573
64509795236513
45614816713623
10178168639882
52168913470008
83772112748621
77043462491511
77359815059483
51764592650459
154164107229
59972307297135
67867844847086
4506766605536
92687934810374
79482626691559
45662398799521
45156262387253
93701325090378
65846231089162
30200553878723
19133416788679
32403991148929
67379063715671
45338014322357
95717156888275
99853751649190
82802795823606
7902326366337
17446475892252
30515110344799
5376366852544
68187903082037
5505396540463
46986083093441
96880199031056
79295176522949
66152769570094
72835306803058
66887385522459
75864681294162
51049404387209
45003972433621
75779298810772
6517714313801
5955033074240
18040524011177
71718209517643
69510990581004
40315467980406
70938044506697
24085333281746
84256627556554
75444355041945
35149132967104
14439837969278
10779677638811
65584871441101
48454867273791
72984594715972
4208819247555
34878658640657
999960959656
63819248946761
96264106265276
52224364061755
39439405018366
20498939333515
84589253660722
69188814654432
33055653327934
36350001201593
4808231439652
53392369905132
28745983444022
46976120660751
18463107067453
6042159477678
41960034358904
63966824508893
16803122634784
25029566416073
40099357187448
86429863551396
85328955502326
32259701859040
1934989756826
77784413522896
39852789464623
55640997503541
20284050469190
2927451417514
1914693744067
28434770941745
71290772650992
32530772474103
4623980981243
98698498262948
74437666983247
21526603733525
78488189380030
48570253622289
4691340890078
46813524895815
95265291919328
15213303913428
47149009144235
99049962302
45729955746450
289924298895
54955454537945
62048540828809
51216876520706
27805587848180
71096706030752
30295083134638
32127279789545
61628520047219
42134725662258
31997685975337
85113022803818
72811119996326
30157186900092
26752113088374
