89836329086528
81077100953737
85619030979289
53104345457991
39068903894763
80272687940611
84996645346884
37635346875890
7027448749849
72492035310222
24933965808930
78483137245013
3930625264459
55103840835768
78669330521759
12057437156424
70735035688210
22623700795591
51236788063431
16888177632712
32467160473003
72867324446852
57339416219234
32402938582552
11400341599383
24095384972415
40740563462875
46756643002650
92764231554753
82672791714763
44868092630976
28415479870420
72966198889761
67173435848415
29986340718534
75564449492663
31124818782594
39926969810960
10759699643460
30313578523668
93613976389735
9319239136034
19251199451101
52566181207636
4360008431670
97682847288705
48785724805630
35388958153248
91002513409238
45321368417521
76812663600344
69395376138341
13034669047649
19189389115421
4521570463622
25035230027928
5313310021393
48704005566905
21829019247057
30529405306115
42167208137035
7267147014969
86270989765235
91923745830110
89668573043693
27321728950649
15011334230584
72841806761498
11983606284123
71854772468552
39583600334923
38293249603976
73369969808569
47598667933616
91033350456274
97894567793299
8828271227345
96986863188369
69891023349887
64674122482311
77977308657661
86904672661788
13286889902686
62066795756340
94116975303959
34046744009440
56440492720674
8779539380578
70307302219787
5061266164230
10910384421198
54106415877999
82425761414039
11309075870455
45878291065568
82638451853900
3322783327725
95985439857135
59437416353875
2494833966511
6853943771847
53075332236367
53260691715859
37538222104216
57602009000159
97124759248127
29361817371145
89473012535972
1574808493923
63050078858366
80331369676356
33543651035768
62109939343183
96893697320051
97222829667831
50982788157514
44942010516669
31313150971037
70010397921221
65693106572759
15413126092231
30883392078401
58485431516723
77773522450825
7076296691154
15667569582634
19453793592496
25412301005376
97099519414370
2270642119945
48099158322254
54462418078147
1164245933696
60996902822633
24571547394128
57808580905278
48398042285203
20706990603497
94056698929982
15116357258915
17416518861964
6147713940492
15240340163291
1294177078320
27479249351059
17675670119970
6104522652714
74709544166081
90555742755179
26081587982834
90593215353374
88987586749713
42765073458610
32611196600142
77526505834607
32493277111913
97247049014688
1761425523955
34906747294302
45095253372205
99463474294041
36376653273558
9539442138990
21892863008124
67372315184481
26025531174664
18329191857041
53752420179871
9666858214521
72799994097532
16921361441656
21410363535469
49452839572054
61963329212044
69407266393160
53964135509709
16264289251358
56756128466649
24554202482192
24122684356858
42426918885576
11464329607415
50271729982988
69950906687693
23096972923476
64867995807013
83850954678212
51552903072292
86117341707183
16435315429548
6267565020998
7371281102522
60983913256267
65648180043622
98992586112085
6209703463484
59499303756586
74388419386092
77941864342643
89470032892624
13625442275967
55456057020676
34938743919471
79060590053846
12600092752651
64543596211661
21458477771729
65654657462958
27260388855391
84650260731929
16879227421990
75617868638513
71440305554125
87161174856994
18844120687634
65491547134687
72024345465339
56156439155081
53373298256218
9883242341888
79168284390048
59795402374098
72090760862547
6901110562374
4488724252004
1122000050783
92949077256325
25173060081003
64070830652269
2322209681799
98579564505168
931661914043
48844247977783
16235717454568
97242746921130
64891836230293
83069192609611
86526947437936
99507995945129
52420596956970
25253412903592
62302758475996
71160701101679
38889606224182
24730035937642
75055636121643
5855696533196
67143722211530
33803498010771
51695479526508
51669853482744
50206140698630
55819231126947
44251865104639
40946238728561
81117860205217
13084452672681
47090607603143
91285256940257
65840761854198
30954260455626
77521203192827
41672186663970
39767136943311
74176092778936
21191908990859
90347429373019
20018634995240
40931879775517
66846112891413
58958202178244
13767285417678
15928547869576
24093853095677
95187460594934
46008670582481
52199206807561
92621504272521
94357098782921
13347282001097
90065946330875
46161299141376
82950977339355
50005696135410
9745190368616
80369395776221
38385613185545
8995160091719
73691002843118
52306118739135
55762198298304
804073789431
52469297755450
69921533956723
28179079708588
68270959146493
84397876087777
18288322594595
40892610885738
55359599825427
68946642621459
45644528720487
12162353520821
33224011087355
42541963141303
16848142959686
15821375872626
74064331975455
47659503047277
50001698844529
95706477443550
68410883806176
26876583598507
1754612490694
40705679494790
28658167332058
66756176663408
49923969042244
53761961772293
44344019467108
97596890466411
89940545980106
10078427233065
97807489093037
31508513156819
54745012601748
41286090771194
10605354980922
36976543496775
81087275134993
1141442360890
22379077407010
76973831341196
25235396718558
43324661100777
6968087138535
9428204826471
94639039423566
66522667409438
14095049730086
17499608478124
96356659689049
30576126386490
23759538428706
77377850144929
37289854967792
44169813488982
50460283014645
46568580012826
2540024236165
61275915622170
95687988751308
95905616718012
71439365530420
53548715077600
61402293435067
57176733966623
30407940632955
75135989923895
4197376554282
52728710938952
60979255637652
29413425957213
12946037712561
70450908674879
1497876267471
59903616133237
383120906900
80117246888458
45621347880358
9214400840934
95356286478678
8522740282585
60002989261946
79772950752100
8858301836417
30027221941584
70220287832775
15999934272750
20893327164996
852261091106
54877669364693
19642657095131
94548736387024
80708705580495
65113014460097
15589929238753
4567333797261
20977020633449
454929887933
26073273866365
33832657494670
15793062058445
66580611475313
91515117415058
53058143052106
38486964005589
11694719106716
3170620942939
45613518825938
81632475690930
85331713150489
69888418230955
87825188226464
93540216815948
83667401248103
86722175994008
55763910002636
59355981926079
21214062682069
87019950001458
13519421818229
24404720961996
40546221196308
93017298558737
93769204985239
34688592057165
69492177404593
24039423526839
95823023077417
2311550323187
24288750033
57561845298884
8006443258928
61705477794872
77321498624148
60833606230378
88798159510150
66901830328447
10353149368596
5876126476246
44374845744940
81534372321812
93556298203405
43532199541842
56212863661877
43047130212003
82666128445085
44232469052776
57554565256405
48362460425483
85503256342845
62360002362573
53456921240772
73296812810871
83153001142967
28480007226096
15341941739206
11849314904908
6931808684391
83311573892091
4238253531071
6885688518421
8808815166692
78225737537589
34252672773521
48162561513232
17028508815239
52244867086546
85464985911222
79221747010874
19643661837697
33029298276986
98589230591735
59056262301909
51396836965044
26780424949460
70474336920865
97513603669462
33253964101985
4604583731146
81717049256592
25186768219429
54901264394183
88182644547659
37750584745018
54785695475780
16007443691540
41873919337314
60415399235612
40668402196919
99570850866141
22668191043894
30259222849346
44615067764960
21284391019162
90312432453274
71652201876598
5403791723058
90421286398236
43646566281051
81543494408693
79979250014927
64357242522043
66520415074216
83517942780874
13354228083160
98262846815613
52957627060292
11560239006510
5453408293296
66954161386413
1466780505536
92966927317127
55700574004015
77725160000943
74120137887555
8764437903718
61439091213140
6061659797617
70756239576341
67958294358021
57889295811479
86234550270062
27586729429359
74231190608684
6528798784704
12712925527364
32779037244546
2161887011683
38981299205225
30222695469012
62401604305452
74879665708381
66156658203416
82853479944029
14866555780840
15636856829331
73793171609435
67521180541746
34690111485721
70642434210117
17604315824956
10110507032943
15255065722802
29679122994311
4445358890104
31754333966180
25759468376954
29654255575624
14217250603529
83945301351046
80355726464041
57296123631734
83128287894319
56821857842838
59478815832442
25553226422548
27246496511980
9978968769313
46910880512406
93077707840165
88837475280187
26260306399939
80804015833027
28628684243130
78687601601829
55423594286273
16264403624837
71708181771769
58949834906686
53311924230458
73438343089043
5922720270073
6658456122114
58058310937423
33947069108518
32303721790627
85326264171022
28787191167913
10757345896655
6167783577060
47390076689378
28910177840415
68244607750977
75341509937266
90637604920963
33419167194539
68008075366159
27724257381333
21539797216231
5516749359001
78186167291561
5037704871799
75163110455675
15361022586303
75539411808194
65129560250270
16546916888346
87509912369437
51466085741767
23018954068490
42416302356857
37634161372609
62769173942544
46789547082333
82302633426657
87093797001076
25687895677587
15596186944951
67074918522994
64483616182434
66949001694134
55319629150584
5718055426804
26498840405786
20084281153825
52208628223371
45652470484500
34508095381808
78214500734663
61420260776135
48707223138267
60344141211916
96491488319525
35495637178964
8786062386679
84677418567930
67854889012455
52463998154692
85129361325110
25626435992579
59146716878673
88285284161585
1423718496162
46576079060154
53131223579580
50496518098584
13721172983414
40772138903332
75980195081325
37626106857402
48287813146607
28031902790111
3997452104824
90951159371923
20662951108862
98092529066424
65322133318234
66709117610484
16209193470472
46806285217905
41480252884199
78111581976860
63910269022964
31692151168048
79946658066401
93769162425969
91253520401845
38049189862173
44116920300156
72141781031302
4107021817615
31854674361184
39087891163115
63185735999832
63690239307485
16603810751160
85883629054275
59991705888155
21570073475479
35705365706123
96440292496980
28791325809337
30583121885354
48223033667845
64069947725249
30764982614558
54759330889375
29365744893221
65012647223603
98011083128396
65531758419233
4349233748261
34575625842874
64667413186139
56448225174499
45434216367639
19111769491858
79734211998851
45929273009977
79151475616354
1099388348696
98987628584464
98276414743532
49909261977549
65843860682219
80054467228128
5681228358034
47656600906704
60513160608860
90790996577670
85218523026213
40397462326876
22064733946625
64589638262264
68319841949465
99276141469431
88745298598255
50351951149525
84621156746704
76967557521885
80086029512585
84676650324092
92696685866252
74054333245106
11802929567613
37022126158349
67715667458200
44110406066994
65578819750543
53869909032838
26409574251860
24111385555222
86117868247467
67677559045004
92433825798382
76031372915988
69170286272826
80587684081654
11205907395312
88350756846651
20423988633621
92811811122294
74510425310755
85991453128432
10551462761595
4313233941050
2438768216875
61656131118975
23403752952123
74573364460012
45158639861898
96022063962406
18033509559318
3211987601712
69548495987956
62396773159064
54776424763278
9362003871033
99599292556752
99530482991328
28367699239455
16322949926291
33170619085015
56182665920490
15275801036705
38371656025199
67845524390937
53750713923938
5001139864916
21966594895074
91853861557016
78481598197168
13270484637471
78437283046683
80020326665135
55693179448530
18969362723572
97295442232836
57797376163915
39444082647043
84469863648405
51687652697328
96288417205089
50850677643542
44876667661135
43739609260345
32746741711547
69802266340465
69114720205662
26889483490681
30073981099397
95425143365530
94122483415031
64256308025803
32836625864085
74258189344083
40518036843275
58281902403512
4463266426671
14691056450171
50753660641615
63117621034154
50398822341344
79944581372919
64135461731356
17761531475829
93696574300822
91180800739946
2664751258044
39972690259177
27045978578869
14664807953759
2838644040602
81361102688309
55509291907726
32374044077942
31207651817386
40103858013625
66433346947728
97585982340387
27773411576608
42349850681352
17650882053250
6097674063148
86443797249529
78065635855928
94197554379997
62493729607500
14151784727058
55107155387502
20006434999748
91530706483487
97741870141574
78420917232792
94256313422184
81433828890813
28409320838650
8412592604966
85106614073834
42858974320357
25467101903327
93994931501367
1088591495166
77085881492650
98950339835971
47250347813080
34543146734849
42504743332121
37421181618096
62767958357276
86138441718610
90016322646471
91101711823461
14802810992343
58882757704367
24581028539816
51491854859115
63427030128283
33665078824458
2616059488740
81495449791372
12848164809519
58271370353375
12530769498193
10643143791433
51900278774506
64105419492711
7051950939073
89860128993887
66000447163841
64487951280468
43871074178697
95639737836966
72701010873560
66877178244777
22405398134350
41208846248132
41268409851917
49968385993521
43084814988770
86892384786735
1924834358605
86291338042103
21313046186385
42689085531578
27587890777101
30525261616782
70223051179677
86714217042777
40282435216121
24700188662243
17578487818447
46933234496772
11077218850600
32131206702405
40693929962327
17250179917348
51359945145295
53319284615094
98390036455837
5069217989072
16245905563426
72117417203347
72514119183995
54803972632350
70086290630418
96676967882239
94828592426997
53922261522391
92807350741574
78820534369417
62726403590580
42880463327492
46623314576572
85452671765996
73485266367552
29315723155035
761241708781
95539510644405
4780706227164
88712128840276
87110291371092
25705731604614
1601793362465
97381291418116
31374784861541
77223626224964
5295930518136
73783419204381
70732347694838
14230322051770
26649163125900
90775777676305
30225090970476
38642559601690
94647761928835
23942460052048
87956058095931
14641141434118
46208569758668
37125810369521
50116794610094
84689842349072
55517955602735
70602428216247
57022665699005
20217315662213
71076610855425
56061974339690
49903107575773
20670039854581
17022734737285
4737358765242
11570092575751
49535800728129
79421826608424
33503231774199
46861731558346
15047612174798
62825168859468
36322192016722
79294837790433
45454444003347
46454630610995
34585934723144
75008226593165
78966091831616
65019924623177
17181460853327
44887460811098
43656357434794
10186636375491
43753770799420
29454492620283
74138565733914
61698467682483
57777954553084
97807023060133
42015756241252
15754078057249
12393287902962
32603988247637
82368638820101
28031059513406
91347032550935
93837520764113
91030168221784
31457424433031
47447166167392
25044777159010
19175246426361
68869664911034
44740514933711
90319293566968
22167511012646
32330580993919
60359124596429
80489488537091
44721296476543
71452548432681
96762794662372
14265747657158
60712986491649
24196228524242
2062764864655
56452610321206
64622488325768
97783769227389
34630939052239
70596773187322
18096295773481
37615698518430
33251668257231
81724684369751
68346514200184
3408716654645
68263054726516
63142712098239
